//Frame 
//FrameCount
1510428:
//TrackedObjects
//Team,TrackingID,PlayerNumber,X-Position,Y-Position,Speed;
1,1,10,-3017,2081,3.13;
1,2,8,-835,-561,2.38;
1,3,11,-2448,-528,1.73;
0,4,15,-2334,2729,0.69;
1,5,4,-347,1133,1.14;
1,6,5,-346,1983,1.62;
3,7,1,11,-3440,0.40;
1,8,25,-3084,108,1.61;
0,9,6,-2776,1828,0.57;
4,10,-1,5550,4400,0.00;
0,11,9,-561,1867,1.69;
3,12,2,-3490,3685,0.44;
1,13,7,-2546,2408,3.58;
0,14,7,-2707,2070,3.37;
4,15,-1,5550,4400,0.00;
3,16,0,-1825,891,1.49;
1,17,22,-3185,2834,1.72;
0,18,11,-993,-1008,1.47;
0,19,1,-4864,238,0.15;
0,20,5,-3477,561,0.45;
0,21,23,-1766,1393,2.50;
1,22,3,-1284,2702,2.00;
0,23,3,-3340,2120,0.30;
1,24,20,-1723,1617,2.99;
-1,25,-1,-2693,2013,0.00;
1,26,24,3321,549,0.44;
0,27,4,-3129,-496,0.84;
4,28,-1,5550,4400,0.00;
0,29,18,-2737,2313,1.04;
//BallData
//:X-Position,Y-Position,Z-Position,BallSpeed,[ClickerFlags]
:-2712,2388,0,133.62,A,Alive;:

